[[ 1.12022762e+00 -7.68589251e-03  3.05193341e+03]
 [ 5.25662548e-02  1.02204673e+00  7.31540247e+01]
 [ 2.39661070e-05  4.30651548e-08  1.00000000e+00]]
[[ 8.11468214e-01 -9.53661711e-02 -1.22905968e+03]
 [-4.33134957e-02  8.67181920e-01  1.68693701e+02]
 [-5.43043811e-05 -2.86485571e-06  1.00000000e+00]]
[[1.35558911e+00 1.17007626e-02 6.24434677e+03]
 [9.43590845e-02 1.00507479e+00 1.25456003e+02]
 [5.53348405e-05 6.46855843e-08 1.00000000e+00]]
[[ 5.95022882e-01 -9.90418192e-02 -9.63978301e+02]
 [-6.08403651e-02  7.40609524e-01  3.00564756e+02]
 [-7.33389928e-05  5.54692487e-06  1.00000000e+00]]
