[[ 1.15637295e+00 -1.24146094e-02  3.20822832e+02]
 [ 1.24142996e-01  1.02894956e+00 -2.01812237e+01]
 [ 2.20691769e-04 -5.07306997e-05  1.00000000e+00]]
[[ 7.96629456e-01  1.58843360e-02 -4.63721845e+02]
 [-1.48833839e-01  8.26222086e-01  8.50047940e+01]
 [-2.81333420e-04  1.22900453e-05  1.00000000e+00]]
[[ 1.39333632e+00 -2.34233039e-01  1.10481500e+03]
 [ 2.50556291e-01  9.82844223e-01  4.97961827e+01]
 [ 3.45163022e-04 -1.48845171e-05  1.00000000e+00]]
[[ 4.53709633e-01  3.14806112e-02 -1.81804388e+02]
 [-2.53649153e-01  6.71825054e-01  2.02730028e+02]
 [-5.78262771e-04  2.64886533e-04  1.00000000e+00]]
