[[ 1.14398062e+00  2.38752361e-02  4.37371331e+02]
 [ 2.70665603e-02  1.04016929e+00 -1.64038514e+01]
 [ 7.12496696e-05 -6.74092517e-06  1.00000000e+00]]
[[ 8.01864999e-01 -3.09714645e-02 -3.89369969e+02]
 [-4.76053647e-02  8.73093634e-01  1.25588906e+02]
 [-8.96974948e-05 -7.62471046e-06  1.00000000e+00]]
[[ 1.52544657e+00  1.25869242e-01  1.46044435e+03]
 [ 1.09354858e-01  1.12459988e+00 -7.16502237e+01]
 [ 1.97101633e-04  1.71307368e-05  1.00000000e+00]]
[[ 2.89537839e-01 -2.17185035e-02 -2.66328664e+02]
 [-5.95425929e-02  3.53368879e-01  3.48935074e+02]
 [-7.70153465e-05 -1.62539580e-05  1.00000000e+00]]
