[[ 1.17580346e+00 -1.13857105e-01  3.37377700e+02]
 [ 1.11124222e-01  1.02304601e+00 -5.87842301e+00]
 [ 3.00163364e-04 -5.95664403e-05  1.00000000e+00]]
[[ 8.49405974e-01 -7.42889015e-04 -2.72316434e+02]
 [-6.71111810e-02  8.81728314e-01  4.40072158e+01]
 [-2.50516355e-04  2.66450795e-05  1.00000000e+00]]
[[1.63246306e+00 3.89552591e-02 9.16059491e+02]
 [1.91888242e-01 1.03012285e+00 2.05719826e+01]
 [6.74454825e-04 4.69618829e-05 1.00000000e+00]]
[[ 6.11220779e-01  1.41194824e-02 -1.91597145e+02]
 [-1.16534494e-01  7.34983513e-01  7.38030754e+01]
 [-4.45422170e-04  4.61739588e-05  1.00000000e+00]]
