[[ 1.09512739e+00 -5.25751132e-02  3.60342728e+02]
 [ 6.96569460e-02  1.02511363e+00  1.52629287e+01]
 [ 5.27457497e-05 -1.78813612e-05  1.00000000e+00]]
[[ 9.08508441e-01  3.45921932e-02 -3.80531426e+02]
 [-6.89168233e-02  9.40903640e-01  4.27873890e+01]
 [-4.96503554e-05  5.67352899e-06  1.00000000e+00]]
[[ 1.33627347e+00 -1.36927329e-01  1.28209895e+03]
 [ 1.74147189e-01  1.02082327e+00  1.67853806e+02]
 [ 1.49534312e-04 -4.77017095e-05  1.00000000e+00]]
[[ 7.84997948e-01  7.19268322e-02 -3.09430519e+02]
 [-1.52072112e-01  8.49141640e-01  2.88804709e+02]
 [-9.44398274e-05 -2.61310726e-06  1.00000000e+00]]
