[[ 8.97757622e-01 -5.68660287e-02 -8.55689620e+01]
 [-2.35953415e-02  8.63363278e-01  1.33130302e+02]
 [-9.43400248e-05 -2.75734205e-04  1.00000000e+00]]
[[ 9.11930453e-01  1.59701618e-02 -5.79077070e+01]
 [-4.61417877e-02  9.71143229e-01  7.11541651e+00]
 [-1.32365981e-04  4.85365663e-05  1.00000000e+00]]
[[ 7.66187338e-01 -1.44391751e-02 -1.78421901e+02]
 [-1.04701349e-01  7.42139344e-01  2.29034866e+02]
 [-2.16722884e-04 -3.14201618e-04  1.00000000e+00]]
[[ 7.33945295e-01 -4.01474290e-02  6.72102583e+01]
 [-9.62671847e-02  8.46295279e-01  9.19564084e+01]
 [-2.63953266e-04 -9.39120121e-05  1.00000000e+00]]
